tensor([[[[1.0000, 0.7500, 1.0000,  ..., 1.0000, 1.0000, 1.0000],
          [0.8125, 1.0000, 1.0000,  ..., 1.0000, 1.0000, 1.0000],
          [1.0000, 1.0000, 1.0000,  ..., 1.0000, 1.0000, 1.0000],
          ...,
          [1.0000, 1.0000, 1.0000,  ..., 1.0000, 1.0000, 1.0000],
          [1.0000, 1.0000, 1.0000,  ..., 1.0000, 1.0000, 1.0000],
          [1.0000, 1.0000, 1.0000,  ..., 1.0000, 1.0000, 1.0000]],

         [[0.0000, 0.5000, 1.0000,  ..., 1.0000, 1.0000, 1.0000],
          [0.7500, 1.0000, 1.0000,  ..., 1.0000, 1.0000, 1.0000],
          [1.0000, 1.0000, 1.0000,  ..., 1.0000, 1.0000, 1.0000],
          ...,
          [1.0000, 1.0000, 1.0000,  ..., 1.0000, 1.0000, 1.0000],
          [1.0000, 1.0000, 1.0000,  ..., 1.0000, 1.0000, 1.0000],
          [1.0000, 1.0000, 1.0000,  ..., 1.0000, 1.0000, 1.0000]],

         [[0.0000, 0.5000, 1.0000,  ..., 1.0000, 1.0000, 1.0000],
          [0.7500, 1.0000, 1.0000,  ..., 1.0000, 1.0000, 1.0000],
          [1.0000, 1.0000, 1.0000,  ..., 1.0000, 1.0000, 1.0000],
          ...,
          [1.0000, 1.0000, 1.0000,  ..., 1.0000, 1.0000, 1.0000],
          [1.0000, 1.0000, 1.0000,  ..., 1.0000, 1.0000, 1.0000],
          [1.0000, 1.0000, 1.0000,  ..., 1.0000, 1.0000, 1.0000]]]],
       device='cuda:0', grad_fn=<PermuteBackward0>)
___________________
tensor([[[[1., 1., 1.,  ..., 1., 1., 1.],
          [1., 1., 1.,  ..., 1., 1., 1.],
          [1., 1., 1.,  ..., 1., 1., 1.],
          ...,
          [1., 1., 1.,  ..., 1., 1., 1.],
          [1., 1., 1.,  ..., 1., 1., 1.],
          [1., 1., 1.,  ..., 1., 1., 1.]],

         [[1., 1., 1.,  ..., 1., 1., 1.],
          [1., 1., 1.,  ..., 1., 1., 1.],
          [1., 1., 1.,  ..., 1., 1., 1.],
          ...,
          [1., 1., 1.,  ..., 1., 1., 1.],
          [1., 1., 1.,  ..., 1., 1., 1.],
          [1., 1., 1.,  ..., 1., 1., 1.]],

         [[1., 1., 1.,  ..., 1., 1., 1.],
          [1., 1., 1.,  ..., 1., 1., 1.],
          [1., 1., 1.,  ..., 1., 1., 1.],
          ...,
          [1., 1., 1.,  ..., 1., 1., 1.],
          [1., 1., 1.,  ..., 1., 1., 1.],
          [1., 1., 1.,  ..., 1., 1., 1.]]]], device='cuda:0',
       grad_fn=<PermuteBackward0>)
tensor([[[[1.0000, 0.7500, 1.0000,  ..., 1.0000, 1.0000, 1.0000],
          [0.8125, 1.0000, 1.0000,  ..., 1.0000, 1.0000, 1.0000],
          [1.0000, 1.0000, 1.0000,  ..., 1.0000, 1.0000, 1.0000],
          ...,
          [1.0000, 1.0000, 1.0000,  ..., 1.0000, 1.0000, 1.0000],
          [1.0000, 1.0000, 1.0000,  ..., 1.0000, 1.0000, 1.0000],
          [1.0000, 1.0000, 1.0000,  ..., 1.0000, 1.0000, 1.0000]],

         [[0.0000, 0.5000, 1.0000,  ..., 1.0000, 1.0000, 1.0000],
          [0.7500, 1.0000, 1.0000,  ..., 1.0000, 1.0000, 1.0000],
          [1.0000, 1.0000, 1.0000,  ..., 1.0000, 1.0000, 1.0000],
          ...,
          [1.0000, 1.0000, 1.0000,  ..., 1.0000, 1.0000, 1.0000],
          [1.0000, 1.0000, 1.0000,  ..., 1.0000, 1.0000, 1.0000],
          [1.0000, 1.0000, 1.0000,  ..., 1.0000, 1.0000, 1.0000]],

         [[0.0000, 0.5000, 1.0000,  ..., 1.0000, 1.0000, 1.0000],
          [0.7500, 1.0000, 1.0000,  ..., 1.0000, 1.0000, 1.0000],
          [1.0000, 1.0000, 1.0000,  ..., 1.0000, 1.0000, 1.0000],
          ...,
          [1.0000, 1.0000, 1.0000,  ..., 1.0000, 1.0000, 1.0000],
          [1.0000, 1.0000, 1.0000,  ..., 1.0000, 1.0000, 1.0000],
          [1.0000, 1.0000, 1.0000,  ..., 1.0000, 1.0000, 1.0000]]]],
       device='cuda:0', grad_fn=<PermuteBackward0>)
___________________
tensor([[[[1., 1., 1.,  ..., 1., 1., 1.],
          [1., 1., 1.,  ..., 1., 1., 1.],
          [1., 1., 1.,  ..., 1., 1., 1.],
          ...,
          [1., 1., 1.,  ..., 1., 1., 1.],
          [1., 1., 1.,  ..., 1., 1., 1.],
          [1., 1., 1.,  ..., 1., 1., 1.]],

         [[1., 1., 1.,  ..., 1., 1., 1.],
          [1., 1., 1.,  ..., 1., 1., 1.],
          [1., 1., 1.,  ..., 1., 1., 1.],
          ...,
          [1., 1., 1.,  ..., 1., 1., 1.],
          [1., 1., 1.,  ..., 1., 1., 1.],
          [1., 1., 1.,  ..., 1., 1., 1.]],

         [[1., 1., 1.,  ..., 1., 1., 1.],
          [1., 1., 1.,  ..., 1., 1., 1.],
          [1., 1., 1.,  ..., 1., 1., 1.],
          ...,
          [1., 1., 1.,  ..., 1., 1., 1.],
          [1., 1., 1.,  ..., 1., 1., 1.],
          [1., 1., 1.,  ..., 1., 1., 1.]]]], device='cuda:0',
       grad_fn=<PermuteBackward0>)
tensor([[[[1.0000, 0.7500, 1.0000,  ..., 1.0000, 1.0000, 1.0000],
          [0.8125, 1.0000, 1.0000,  ..., 1.0000, 1.0000, 1.0000],
          [1.0000, 1.0000, 1.0000,  ..., 1.0000, 1.0000, 1.0000],
          ...,
          [1.0000, 1.0000, 1.0000,  ..., 1.0000, 1.0000, 1.0000],
          [1.0000, 1.0000, 1.0000,  ..., 1.0000, 1.0000, 1.0000],
          [1.0000, 1.0000, 1.0000,  ..., 1.0000, 1.0000, 1.0000]],

         [[0.0000, 0.5000, 1.0000,  ..., 1.0000, 1.0000, 1.0000],
          [0.7500, 1.0000, 1.0000,  ..., 1.0000, 1.0000, 1.0000],
          [1.0000, 1.0000, 1.0000,  ..., 1.0000, 1.0000, 1.0000],
          ...,
          [1.0000, 1.0000, 1.0000,  ..., 1.0000, 1.0000, 1.0000],
          [1.0000, 1.0000, 1.0000,  ..., 1.0000, 1.0000, 1.0000],
          [1.0000, 1.0000, 1.0000,  ..., 1.0000, 1.0000, 1.0000]],

         [[0.0000, 0.5000, 1.0000,  ..., 1.0000, 1.0000, 1.0000],
          [0.7500, 1.0000, 1.0000,  ..., 1.0000, 1.0000, 1.0000],
          [1.0000, 1.0000, 1.0000,  ..., 1.0000, 1.0000, 1.0000],
          ...,
          [1.0000, 1.0000, 1.0000,  ..., 1.0000, 1.0000, 1.0000],
          [1.0000, 1.0000, 1.0000,  ..., 1.0000, 1.0000, 1.0000],
          [1.0000, 1.0000, 1.0000,  ..., 1.0000, 1.0000, 1.0000]]]],
       device='cuda:0', grad_fn=<PermuteBackward0>)
___________________
tensor([[[[1., 1., 1.,  ..., 1., 1., 1.],
          [1., 1., 1.,  ..., 1., 1., 1.],
          [1., 1., 1.,  ..., 1., 1., 1.],
          ...,
          [1., 1., 1.,  ..., 1., 1., 1.],
          [1., 1., 1.,  ..., 1., 1., 1.],
          [1., 1., 1.,  ..., 1., 1., 1.]],

         [[1., 1., 1.,  ..., 1., 1., 1.],
          [1., 1., 1.,  ..., 1., 1., 1.],
          [1., 1., 1.,  ..., 1., 1., 1.],
          ...,
          [1., 1., 1.,  ..., 1., 1., 1.],
          [1., 1., 1.,  ..., 1., 1., 1.],
          [1., 1., 1.,  ..., 1., 1., 1.]],

         [[1., 1., 1.,  ..., 1., 1., 1.],
          [1., 1., 1.,  ..., 1., 1., 1.],
          [1., 1., 1.,  ..., 1., 1., 1.],
          ...,
          [1., 1., 1.,  ..., 1., 1., 1.],
          [1., 1., 1.,  ..., 1., 1., 1.],
          [1., 1., 1.,  ..., 1., 1., 1.]]]], device='cuda:0',
       grad_fn=<PermuteBackward0>)
tensor([[[[1.0000, 0.7500, 1.0000,  ..., 1.0000, 1.0000, 1.0000],
          [0.8125, 1.0000, 1.0000,  ..., 1.0000, 1.0000, 1.0000],
          [1.0000, 1.0000, 1.0000,  ..., 1.0000, 1.0000, 1.0000],
          ...,
          [1.0000, 1.0000, 1.0000,  ..., 1.0000, 1.0000, 1.0000],
          [1.0000, 1.0000, 1.0000,  ..., 1.0000, 1.0000, 1.0000],
          [1.0000, 1.0000, 1.0000,  ..., 1.0000, 1.0000, 1.0000]],

         [[0.0000, 0.5000, 1.0000,  ..., 1.0000, 1.0000, 1.0000],
          [0.7500, 1.0000, 1.0000,  ..., 1.0000, 1.0000, 1.0000],
          [1.0000, 1.0000, 1.0000,  ..., 1.0000, 1.0000, 1.0000],
          ...,
          [1.0000, 1.0000, 1.0000,  ..., 1.0000, 1.0000, 1.0000],
          [1.0000, 1.0000, 1.0000,  ..., 1.0000, 1.0000, 1.0000],
          [1.0000, 1.0000, 1.0000,  ..., 1.0000, 1.0000, 1.0000]],

         [[0.0000, 0.5000, 1.0000,  ..., 1.0000, 1.0000, 1.0000],
          [0.7500, 1.0000, 1.0000,  ..., 1.0000, 1.0000, 1.0000],
          [1.0000, 1.0000, 1.0000,  ..., 1.0000, 1.0000, 1.0000],
          ...,
          [1.0000, 1.0000, 1.0000,  ..., 1.0000, 1.0000, 1.0000],
          [1.0000, 1.0000, 1.0000,  ..., 1.0000, 1.0000, 1.0000],
          [1.0000, 1.0000, 1.0000,  ..., 1.0000, 1.0000, 1.0000]]]],
       device='cuda:0', grad_fn=<PermuteBackward0>)
___________________
tensor([[[[1., 1., 1.,  ..., 1., 1., 1.],
          [1., 1., 1.,  ..., 1., 1., 1.],
          [1., 1., 1.,  ..., 1., 1., 1.],
          ...,
          [1., 1., 1.,  ..., 1., 1., 1.],
          [1., 1., 1.,  ..., 1., 1., 1.],
          [1., 1., 1.,  ..., 1., 1., 1.]],

         [[1., 1., 1.,  ..., 1., 1., 1.],
          [1., 1., 1.,  ..., 1., 1., 1.],
          [1., 1., 1.,  ..., 1., 1., 1.],
          ...,
          [1., 1., 1.,  ..., 1., 1., 1.],
          [1., 1., 1.,  ..., 1., 1., 1.],
          [1., 1., 1.,  ..., 1., 1., 1.]],

         [[1., 1., 1.,  ..., 1., 1., 1.],
          [1., 1., 1.,  ..., 1., 1., 1.],
          [1., 1., 1.,  ..., 1., 1., 1.],
          ...,
          [1., 1., 1.,  ..., 1., 1., 1.],
          [1., 1., 1.,  ..., 1., 1., 1.],
          [1., 1., 1.,  ..., 1., 1., 1.]]]], device='cuda:0',
       grad_fn=<PermuteBackward0>)
tensor([[[[1.0000, 0.7500, 1.0000,  ..., 1.0000, 1.0000, 1.0000],
          [0.8125, 1.0000, 1.0000,  ..., 1.0000, 1.0000, 1.0000],
          [1.0000, 1.0000, 1.0000,  ..., 1.0000, 1.0000, 1.0000],
          ...,
          [1.0000, 1.0000, 1.0000,  ..., 1.0000, 1.0000, 1.0000],
          [1.0000, 1.0000, 1.0000,  ..., 1.0000, 1.0000, 1.0000],
          [1.0000, 1.0000, 1.0000,  ..., 1.0000, 1.0000, 1.0000]],

         [[0.0000, 0.5000, 1.0000,  ..., 1.0000, 1.0000, 1.0000],
          [0.7500, 1.0000, 1.0000,  ..., 1.0000, 1.0000, 1.0000],
          [1.0000, 1.0000, 1.0000,  ..., 1.0000, 1.0000, 1.0000],
          ...,
          [1.0000, 1.0000, 1.0000,  ..., 1.0000, 1.0000, 1.0000],
          [1.0000, 1.0000, 1.0000,  ..., 1.0000, 1.0000, 1.0000],
          [1.0000, 1.0000, 1.0000,  ..., 1.0000, 1.0000, 1.0000]],

         [[0.0000, 0.5000, 1.0000,  ..., 1.0000, 1.0000, 1.0000],
          [0.7500, 1.0000, 1.0000,  ..., 1.0000, 1.0000, 1.0000],
          [1.0000, 1.0000, 1.0000,  ..., 1.0000, 1.0000, 1.0000],
          ...,
          [1.0000, 1.0000, 1.0000,  ..., 1.0000, 1.0000, 1.0000],
          [1.0000, 1.0000, 1.0000,  ..., 1.0000, 1.0000, 1.0000],
          [1.0000, 1.0000, 1.0000,  ..., 1.0000, 1.0000, 1.0000]]]],
       device='cuda:0', grad_fn=<PermuteBackward0>)
___________________
tensor([[[[1., 1., 1.,  ..., 1., 1., 1.],
          [1., 1., 1.,  ..., 1., 1., 1.],
          [1., 1., 1.,  ..., 1., 1., 1.],
          ...,
          [1., 1., 1.,  ..., 1., 1., 1.],
          [1., 1., 1.,  ..., 1., 1., 1.],
          [1., 1., 1.,  ..., 1., 1., 1.]],

         [[1., 1., 1.,  ..., 1., 1., 1.],
          [1., 1., 1.,  ..., 1., 1., 1.],
          [1., 1., 1.,  ..., 1., 1., 1.],
          ...,
          [1., 1., 1.,  ..., 1., 1., 1.],
          [1., 1., 1.,  ..., 1., 1., 1.],
          [1., 1., 1.,  ..., 1., 1., 1.]],

         [[1., 1., 1.,  ..., 1., 1., 1.],
          [1., 1., 1.,  ..., 1., 1., 1.],
          [1., 1., 1.,  ..., 1., 1., 1.],
          ...,
          [1., 1., 1.,  ..., 1., 1., 1.],
          [1., 1., 1.,  ..., 1., 1., 1.],
          [1., 1., 1.,  ..., 1., 1., 1.]]]], device='cuda:0',
       grad_fn=<PermuteBackward0>)
tensor([[[[1.0000, 0.7500, 1.0000,  ..., 1.0000, 1.0000, 1.0000],
          [0.8125, 1.0000, 1.0000,  ..., 1.0000, 1.0000, 1.0000],
          [1.0000, 1.0000, 1.0000,  ..., 1.0000, 1.0000, 1.0000],
          ...,
          [1.0000, 1.0000, 1.0000,  ..., 1.0000, 1.0000, 1.0000],
          [1.0000, 1.0000, 1.0000,  ..., 1.0000, 1.0000, 1.0000],
          [1.0000, 1.0000, 1.0000,  ..., 1.0000, 1.0000, 1.0000]],

         [[0.0000, 0.5000, 1.0000,  ..., 1.0000, 1.0000, 1.0000],
          [0.7500, 1.0000, 1.0000,  ..., 1.0000, 1.0000, 1.0000],
          [1.0000, 1.0000, 1.0000,  ..., 1.0000, 1.0000, 1.0000],
          ...,
          [1.0000, 1.0000, 1.0000,  ..., 1.0000, 1.0000, 1.0000],
          [1.0000, 1.0000, 1.0000,  ..., 1.0000, 1.0000, 1.0000],
          [1.0000, 1.0000, 1.0000,  ..., 1.0000, 1.0000, 1.0000]],

         [[0.0000, 0.5000, 1.0000,  ..., 1.0000, 1.0000, 1.0000],
          [0.7500, 1.0000, 1.0000,  ..., 1.0000, 1.0000, 1.0000],
          [1.0000, 1.0000, 1.0000,  ..., 1.0000, 1.0000, 1.0000],
          ...,
          [1.0000, 1.0000, 1.0000,  ..., 1.0000, 1.0000, 1.0000],
          [1.0000, 1.0000, 1.0000,  ..., 1.0000, 1.0000, 1.0000],
          [1.0000, 1.0000, 1.0000,  ..., 1.0000, 1.0000, 1.0000]]]],
       device='cuda:0', grad_fn=<PermuteBackward0>)
___________________
tensor([[[[1., 1., 1.,  ..., 1., 1., 1.],
          [1., 1., 1.,  ..., 1., 1., 1.],
          [1., 1., 1.,  ..., 1., 1., 1.],
          ...,
          [1., 1., 1.,  ..., 1., 1., 1.],
          [1., 1., 1.,  ..., 1., 1., 1.],
          [1., 1., 1.,  ..., 1., 1., 1.]],

         [[1., 1., 1.,  ..., 1., 1., 1.],
          [1., 1., 1.,  ..., 1., 1., 1.],
          [1., 1., 1.,  ..., 1., 1., 1.],
          ...,
          [1., 1., 1.,  ..., 1., 1., 1.],
          [1., 1., 1.,  ..., 1., 1., 1.],
          [1., 1., 1.,  ..., 1., 1., 1.]],

         [[1., 1., 1.,  ..., 1., 1., 1.],
          [1., 1., 1.,  ..., 1., 1., 1.],
          [1., 1., 1.,  ..., 1., 1., 1.],
          ...,
          [1., 1., 1.,  ..., 1., 1., 1.],
          [1., 1., 1.,  ..., 1., 1., 1.],
          [1., 1., 1.,  ..., 1., 1., 1.]]]], device='cuda:0',
       grad_fn=<PermuteBackward0>)
tensor([[[[1.0000, 0.7500, 1.0000,  ..., 1.0000, 1.0000, 1.0000],
          [0.8125, 1.0000, 1.0000,  ..., 1.0000, 1.0000, 1.0000],
          [1.0000, 1.0000, 1.0000,  ..., 1.0000, 1.0000, 1.0000],
          ...,
          [1.0000, 1.0000, 1.0000,  ..., 1.0000, 1.0000, 1.0000],
          [1.0000, 1.0000, 1.0000,  ..., 1.0000, 1.0000, 1.0000],
          [1.0000, 1.0000, 1.0000,  ..., 1.0000, 1.0000, 1.0000]],

         [[0.0000, 0.5000, 1.0000,  ..., 1.0000, 1.0000, 1.0000],
          [0.7500, 1.0000, 1.0000,  ..., 1.0000, 1.0000, 1.0000],
          [1.0000, 1.0000, 1.0000,  ..., 1.0000, 1.0000, 1.0000],
          ...,
          [1.0000, 1.0000, 1.0000,  ..., 1.0000, 1.0000, 1.0000],
          [1.0000, 1.0000, 1.0000,  ..., 1.0000, 1.0000, 1.0000],
          [1.0000, 1.0000, 1.0000,  ..., 1.0000, 1.0000, 1.0000]],

         [[0.0000, 0.5000, 1.0000,  ..., 1.0000, 1.0000, 1.0000],
          [0.7500, 1.0000, 1.0000,  ..., 1.0000, 1.0000, 1.0000],
          [1.0000, 1.0000, 1.0000,  ..., 1.0000, 1.0000, 1.0000],
          ...,
          [1.0000, 1.0000, 1.0000,  ..., 1.0000, 1.0000, 1.0000],
          [1.0000, 1.0000, 1.0000,  ..., 1.0000, 1.0000, 1.0000],
          [1.0000, 1.0000, 1.0000,  ..., 1.0000, 1.0000, 1.0000]]]],
       device='cuda:0', grad_fn=<PermuteBackward0>)
___________________
tensor([[[[1., 1., 1.,  ..., 1., 1., 1.],
          [1., 1., 1.,  ..., 1., 1., 1.],
          [1., 1., 1.,  ..., 1., 1., 1.],
          ...,
          [1., 1., 1.,  ..., 1., 1., 1.],
          [1., 1., 1.,  ..., 1., 1., 1.],
          [1., 1., 1.,  ..., 1., 1., 1.]],

         [[1., 1., 1.,  ..., 1., 1., 1.],
          [1., 1., 1.,  ..., 1., 1., 1.],
          [1., 1., 1.,  ..., 1., 1., 1.],
          ...,
          [1., 1., 1.,  ..., 1., 1., 1.],
          [1., 1., 1.,  ..., 1., 1., 1.],
          [1., 1., 1.,  ..., 1., 1., 1.]],

         [[1., 1., 1.,  ..., 1., 1., 1.],
          [1., 1., 1.,  ..., 1., 1., 1.],
          [1., 1., 1.,  ..., 1., 1., 1.],
          ...,
          [1., 1., 1.,  ..., 1., 1., 1.],
          [1., 1., 1.,  ..., 1., 1., 1.],
          [1., 1., 1.,  ..., 1., 1., 1.]]]], device='cuda:0',
       grad_fn=<PermuteBackward0>)
